{
 "cells": [
  {
   "cell_type": "code",
   "execution_count": 31,
   "metadata": {},
   "outputs": [],
   "source": [
    "import yfinance as yf\n",
    "import numpy as np\n",
    "import pandas as pd\n",
    "import datetime as dt\n",
    "import matplotlib.pyplot as plt"
   ]
  },
  {
   "cell_type": "code",
   "execution_count": 32,
   "metadata": {},
   "outputs": [
    {
     "name": "stderr",
     "output_type": "stream",
     "text": [
      "[*********************100%***********************]  15 of 15 completed\n"
     ]
    }
   ],
   "source": [
    "# Composition of portfolio\n",
    "tickers = [\"NVDA\", \"AAPL\", \"MSFT\", \"GOOGL\", \"AMZN\", \"META\", \"AVGO\", \"TSLA\", \"BRK-B\", \"JPM\",         # Major stocks in S&P 500\n",
    "            \"UNH\",\"JNJ\",                                                                            # Health care stocks\n",
    "            \"BIL\", \"SHV\",\"GLD\"                                                                      # cash, short-duration Treasuries, and gold\n",
    "            ]\n",
    "\n",
    "data = yf.download(tickers, start=\"2020-01-01\", end=\"2025-01-01\", auto_adjust=False)\n",
    "returns = data.xs('Adj Close', axis=1, level=0).pct_change().dropna()\n",
    "returns = returns[tickers]\n",
    "\n",
    "# Bounds for each stocks\n",
    "bounds = []\n",
    "for t in tickers:\n",
    "    if t in [\"AAPL\", \"MSFT\"]:\n",
    "        bounds.append((0.02, 0.20))   # Core stocks: Min 2%, Max 20%\n",
    "    elif t in [\"NVDA\", \"TSLA\"]:\n",
    "        bounds.append((0.00, 0.15))   # High vol stocks: Max 15%\n",
    "    elif t in [\"GOOGL\", \"AMZN\", \"META\", \"AVGO\"]:\n",
    "        bounds.append((0.00, 0.18))   # large-cap growth stocks: Max 18%\n",
    "    elif t in [\"BRK-B\", \"JPM\"]:\n",
    "        bounds.append((0.00, 0.15))   # Finance: Max 15%\n",
    "    elif t in [\"BIL\", \"SHV\",\"GLD\"]:\n",
    "        bounds.append((0.00, 0.05))   # cash, short-duration Treasuries, and gold\n",
    "    else:\n",
    "        bounds.append((0.00, 0.15))"
   ]
  },
  {
   "cell_type": "code",
   "execution_count": 33,
   "metadata": {},
   "outputs": [
    {
     "data": {
      "text/html": [
       "<div>\n",
       "<style scoped>\n",
       "    .dataframe tbody tr th:only-of-type {\n",
       "        vertical-align: middle;\n",
       "    }\n",
       "\n",
       "    .dataframe tbody tr th {\n",
       "        vertical-align: top;\n",
       "    }\n",
       "\n",
       "    .dataframe thead th {\n",
       "        text-align: right;\n",
       "    }\n",
       "</style>\n",
       "<table border=\"1\" class=\"dataframe\">\n",
       "  <thead>\n",
       "    <tr style=\"text-align: right;\">\n",
       "      <th></th>\n",
       "      <th>Portfolio Return</th>\n",
       "      <th>Cumulative Return</th>\n",
       "    </tr>\n",
       "    <tr>\n",
       "      <th>Date</th>\n",
       "      <th></th>\n",
       "      <th></th>\n",
       "    </tr>\n",
       "  </thead>\n",
       "  <tbody>\n",
       "    <tr>\n",
       "      <th>2020-06-29</th>\n",
       "      <td>0.009030</td>\n",
       "      <td>1.009030</td>\n",
       "    </tr>\n",
       "    <tr>\n",
       "      <th>2020-06-30</th>\n",
       "      <td>0.014579</td>\n",
       "      <td>1.023740</td>\n",
       "    </tr>\n",
       "    <tr>\n",
       "      <th>2020-07-01</th>\n",
       "      <td>0.012048</td>\n",
       "      <td>1.036075</td>\n",
       "    </tr>\n",
       "    <tr>\n",
       "      <th>2020-07-02</th>\n",
       "      <td>0.005754</td>\n",
       "      <td>1.042036</td>\n",
       "    </tr>\n",
       "    <tr>\n",
       "      <th>2020-07-06</th>\n",
       "      <td>0.023220</td>\n",
       "      <td>1.066232</td>\n",
       "    </tr>\n",
       "  </tbody>\n",
       "</table>\n",
       "</div>"
      ],
      "text/plain": [
       "            Portfolio Return  Cumulative Return\n",
       "Date                                           \n",
       "2020-06-29          0.009030           1.009030\n",
       "2020-06-30          0.014579           1.023740\n",
       "2020-07-01          0.012048           1.036075\n",
       "2020-07-02          0.005754           1.042036\n",
       "2020-07-06          0.023220           1.066232"
      ]
     },
     "execution_count": 33,
     "metadata": {},
     "output_type": "execute_result"
    }
   ],
   "source": [
    "# CVaR Optimized Portfolio\n",
    "\n",
    "return_cvar=pd.read_csv('portfolio return.csv').set_index('Date')\n",
    "return_cvar.head()"
   ]
  },
  {
   "cell_type": "code",
   "execution_count": 34,
   "metadata": {},
   "outputs": [
    {
     "name": "stdout",
     "output_type": "stream",
     "text": [
      "[0.046 0.178 0.02 0.0 0.0 0.044 0.0 0.0 0.15 0.112 0.15 0.15 0.05 0.05\n",
      " 0.05]\n"
     ]
    }
   ],
   "source": [
    "# Weekly generated weights.\n",
    "weight_cvar = pd.read_csv('weekly weights.csv')\n",
    "weights= np.array(weight_cvar.iloc[-1,1:])\n",
    "print(weights)"
   ]
  },
  {
   "cell_type": "code",
   "execution_count": 35,
   "metadata": {},
   "outputs": [],
   "source": [
    "# Cholesky Decomposition (Based on the Covariance Matrix)\n",
    "# The covariance matrix captures both the volatility (Vol) of each asset and their correlations (Corr).\n",
    "orig_cov = returns.cov()"
   ]
  },
  {
   "cell_type": "code",
   "execution_count": 36,
   "metadata": {},
   "outputs": [
    {
     "data": {
      "text/html": [
       "<div>\n",
       "<style scoped>\n",
       "    .dataframe tbody tr th:only-of-type {\n",
       "        vertical-align: middle;\n",
       "    }\n",
       "\n",
       "    .dataframe tbody tr th {\n",
       "        vertical-align: top;\n",
       "    }\n",
       "\n",
       "    .dataframe thead th {\n",
       "        text-align: right;\n",
       "    }\n",
       "</style>\n",
       "<table border=\"1\" class=\"dataframe\">\n",
       "  <thead>\n",
       "    <tr style=\"text-align: right;\">\n",
       "      <th>Ticker</th>\n",
       "      <th>NVDA</th>\n",
       "      <th>AAPL</th>\n",
       "      <th>MSFT</th>\n",
       "      <th>GOOGL</th>\n",
       "      <th>AMZN</th>\n",
       "      <th>META</th>\n",
       "      <th>AVGO</th>\n",
       "      <th>TSLA</th>\n",
       "      <th>BRK-B</th>\n",
       "      <th>JPM</th>\n",
       "      <th>UNH</th>\n",
       "      <th>JNJ</th>\n",
       "      <th>BIL</th>\n",
       "      <th>SHV</th>\n",
       "      <th>GLD</th>\n",
       "    </tr>\n",
       "    <tr>\n",
       "      <th>Ticker</th>\n",
       "      <th></th>\n",
       "      <th></th>\n",
       "      <th></th>\n",
       "      <th></th>\n",
       "      <th></th>\n",
       "      <th></th>\n",
       "      <th></th>\n",
       "      <th></th>\n",
       "      <th></th>\n",
       "      <th></th>\n",
       "      <th></th>\n",
       "      <th></th>\n",
       "      <th></th>\n",
       "      <th></th>\n",
       "      <th></th>\n",
       "    </tr>\n",
       "  </thead>\n",
       "  <tbody>\n",
       "    <tr>\n",
       "      <th>NVDA</th>\n",
       "      <td>1.151956e-03</td>\n",
       "      <td>4.107172e-04</td>\n",
       "      <td>4.447873e-04</td>\n",
       "      <td>4.128316e-04</td>\n",
       "      <td>4.457806e-04</td>\n",
       "      <td>5.139462e-04</td>\n",
       "      <td>5.908159e-04</td>\n",
       "      <td>6.696540e-04</td>\n",
       "      <td>1.756894e-04</td>\n",
       "      <td>2.260578e-04</td>\n",
       "      <td>1.829849e-04</td>\n",
       "      <td>6.229273e-05</td>\n",
       "      <td>2.262879e-07</td>\n",
       "      <td>-1.176751e-08</td>\n",
       "      <td>4.264659e-05</td>\n",
       "    </tr>\n",
       "    <tr>\n",
       "      <th>AAPL</th>\n",
       "      <td>4.107172e-04</td>\n",
       "      <td>3.982282e-04</td>\n",
       "      <td>2.868916e-04</td>\n",
       "      <td>2.651143e-04</td>\n",
       "      <td>2.677328e-04</td>\n",
       "      <td>3.178416e-04</td>\n",
       "      <td>2.995470e-04</td>\n",
       "      <td>4.076558e-04</td>\n",
       "      <td>1.471426e-04</td>\n",
       "      <td>1.678176e-04</td>\n",
       "      <td>1.572419e-04</td>\n",
       "      <td>9.247350e-05</td>\n",
       "      <td>-4.223252e-08</td>\n",
       "      <td>-1.343211e-07</td>\n",
       "      <td>2.529364e-05</td>\n",
       "    </tr>\n",
       "    <tr>\n",
       "      <th>MSFT</th>\n",
       "      <td>4.447873e-04</td>\n",
       "      <td>2.868916e-04</td>\n",
       "      <td>3.690796e-04</td>\n",
       "      <td>2.934760e-04</td>\n",
       "      <td>2.953092e-04</td>\n",
       "      <td>3.367929e-04</td>\n",
       "      <td>3.076483e-04</td>\n",
       "      <td>3.630112e-04</td>\n",
       "      <td>1.410886e-04</td>\n",
       "      <td>1.658288e-04</td>\n",
       "      <td>1.561764e-04</td>\n",
       "      <td>9.015885e-05</td>\n",
       "      <td>7.921343e-09</td>\n",
       "      <td>-3.092874e-08</td>\n",
       "      <td>2.340923e-05</td>\n",
       "    </tr>\n",
       "    <tr>\n",
       "      <th>GOOGL</th>\n",
       "      <td>4.128316e-04</td>\n",
       "      <td>2.651143e-04</td>\n",
       "      <td>2.934760e-04</td>\n",
       "      <td>4.191177e-04</td>\n",
       "      <td>3.001724e-04</td>\n",
       "      <td>3.711559e-04</td>\n",
       "      <td>2.834389e-04</td>\n",
       "      <td>3.458476e-04</td>\n",
       "      <td>1.397881e-04</td>\n",
       "      <td>1.689231e-04</td>\n",
       "      <td>1.324670e-04</td>\n",
       "      <td>7.513840e-05</td>\n",
       "      <td>1.516153e-08</td>\n",
       "      <td>-4.625297e-08</td>\n",
       "      <td>2.582782e-05</td>\n",
       "    </tr>\n",
       "    <tr>\n",
       "      <th>AMZN</th>\n",
       "      <td>4.457806e-04</td>\n",
       "      <td>2.677328e-04</td>\n",
       "      <td>2.953092e-04</td>\n",
       "      <td>3.001724e-04</td>\n",
       "      <td>5.132561e-04</td>\n",
       "      <td>3.902335e-04</td>\n",
       "      <td>2.918570e-04</td>\n",
       "      <td>4.147592e-04</td>\n",
       "      <td>1.091985e-04</td>\n",
       "      <td>1.234737e-04</td>\n",
       "      <td>9.055331e-05</td>\n",
       "      <td>5.026322e-05</td>\n",
       "      <td>1.371571e-08</td>\n",
       "      <td>3.055151e-08</td>\n",
       "      <td>3.236858e-05</td>\n",
       "    </tr>\n",
       "    <tr>\n",
       "      <th>META</th>\n",
       "      <td>5.139462e-04</td>\n",
       "      <td>3.178416e-04</td>\n",
       "      <td>3.367929e-04</td>\n",
       "      <td>3.711559e-04</td>\n",
       "      <td>3.902335e-04</td>\n",
       "      <td>8.000059e-04</td>\n",
       "      <td>3.464268e-04</td>\n",
       "      <td>3.966560e-04</td>\n",
       "      <td>1.446941e-04</td>\n",
       "      <td>1.753384e-04</td>\n",
       "      <td>1.146863e-04</td>\n",
       "      <td>6.865414e-05</td>\n",
       "      <td>1.210783e-07</td>\n",
       "      <td>-1.809535e-08</td>\n",
       "      <td>2.560553e-05</td>\n",
       "    </tr>\n",
       "    <tr>\n",
       "      <th>AVGO</th>\n",
       "      <td>5.908159e-04</td>\n",
       "      <td>2.995470e-04</td>\n",
       "      <td>3.076483e-04</td>\n",
       "      <td>2.834389e-04</td>\n",
       "      <td>2.918570e-04</td>\n",
       "      <td>3.464268e-04</td>\n",
       "      <td>6.963875e-04</td>\n",
       "      <td>5.049493e-04</td>\n",
       "      <td>1.620849e-04</td>\n",
       "      <td>2.258969e-04</td>\n",
       "      <td>1.603106e-04</td>\n",
       "      <td>6.325017e-05</td>\n",
       "      <td>5.859247e-08</td>\n",
       "      <td>-2.701099e-07</td>\n",
       "      <td>3.223809e-05</td>\n",
       "    </tr>\n",
       "    <tr>\n",
       "      <th>TSLA</th>\n",
       "      <td>6.696540e-04</td>\n",
       "      <td>4.076558e-04</td>\n",
       "      <td>3.630112e-04</td>\n",
       "      <td>3.458476e-04</td>\n",
       "      <td>4.147592e-04</td>\n",
       "      <td>3.966560e-04</td>\n",
       "      <td>5.049493e-04</td>\n",
       "      <td>1.791015e-03</td>\n",
       "      <td>1.597208e-04</td>\n",
       "      <td>2.367626e-04</td>\n",
       "      <td>1.509267e-04</td>\n",
       "      <td>4.310550e-05</td>\n",
       "      <td>-4.572664e-07</td>\n",
       "      <td>-6.250403e-07</td>\n",
       "      <td>3.580860e-05</td>\n",
       "    </tr>\n",
       "    <tr>\n",
       "      <th>BRK-B</th>\n",
       "      <td>1.756894e-04</td>\n",
       "      <td>1.471426e-04</td>\n",
       "      <td>1.410886e-04</td>\n",
       "      <td>1.397881e-04</td>\n",
       "      <td>1.091985e-04</td>\n",
       "      <td>1.446941e-04</td>\n",
       "      <td>1.620849e-04</td>\n",
       "      <td>1.597208e-04</td>\n",
       "      <td>1.875556e-04</td>\n",
       "      <td>2.193761e-04</td>\n",
       "      <td>1.423786e-04</td>\n",
       "      <td>9.500618e-05</td>\n",
       "      <td>-1.821449e-08</td>\n",
       "      <td>-2.088622e-07</td>\n",
       "      <td>6.852893e-06</td>\n",
       "    </tr>\n",
       "    <tr>\n",
       "      <th>JPM</th>\n",
       "      <td>2.260578e-04</td>\n",
       "      <td>1.678176e-04</td>\n",
       "      <td>1.658288e-04</td>\n",
       "      <td>1.689231e-04</td>\n",
       "      <td>1.234737e-04</td>\n",
       "      <td>1.753384e-04</td>\n",
       "      <td>2.258969e-04</td>\n",
       "      <td>2.367626e-04</td>\n",
       "      <td>2.193761e-04</td>\n",
       "      <td>4.198321e-04</td>\n",
       "      <td>1.741840e-04</td>\n",
       "      <td>1.042502e-04</td>\n",
       "      <td>6.575112e-08</td>\n",
       "      <td>-4.204972e-07</td>\n",
       "      <td>-3.198937e-06</td>\n",
       "    </tr>\n",
       "    <tr>\n",
       "      <th>UNH</th>\n",
       "      <td>1.829849e-04</td>\n",
       "      <td>1.572419e-04</td>\n",
       "      <td>1.561764e-04</td>\n",
       "      <td>1.324670e-04</td>\n",
       "      <td>9.055331e-05</td>\n",
       "      <td>1.146863e-04</td>\n",
       "      <td>1.603106e-04</td>\n",
       "      <td>1.509267e-04</td>\n",
       "      <td>1.423786e-04</td>\n",
       "      <td>1.741840e-04</td>\n",
       "      <td>3.544283e-04</td>\n",
       "      <td>1.205925e-04</td>\n",
       "      <td>6.559425e-08</td>\n",
       "      <td>-1.632612e-07</td>\n",
       "      <td>1.304841e-05</td>\n",
       "    </tr>\n",
       "    <tr>\n",
       "      <th>JNJ</th>\n",
       "      <td>6.229273e-05</td>\n",
       "      <td>9.247350e-05</td>\n",
       "      <td>9.015885e-05</td>\n",
       "      <td>7.513840e-05</td>\n",
       "      <td>5.026322e-05</td>\n",
       "      <td>6.865414e-05</td>\n",
       "      <td>6.325017e-05</td>\n",
       "      <td>4.310550e-05</td>\n",
       "      <td>9.500618e-05</td>\n",
       "      <td>1.042502e-04</td>\n",
       "      <td>1.205925e-04</td>\n",
       "      <td>1.533258e-04</td>\n",
       "      <td>4.558488e-08</td>\n",
       "      <td>5.206285e-09</td>\n",
       "      <td>8.550687e-06</td>\n",
       "    </tr>\n",
       "    <tr>\n",
       "      <th>BIL</th>\n",
       "      <td>2.262879e-07</td>\n",
       "      <td>-4.223252e-08</td>\n",
       "      <td>7.921343e-09</td>\n",
       "      <td>1.516153e-08</td>\n",
       "      <td>1.371571e-08</td>\n",
       "      <td>1.210783e-07</td>\n",
       "      <td>5.859247e-08</td>\n",
       "      <td>-4.572664e-07</td>\n",
       "      <td>-1.821449e-08</td>\n",
       "      <td>6.575112e-08</td>\n",
       "      <td>6.559425e-08</td>\n",
       "      <td>4.558488e-08</td>\n",
       "      <td>2.803713e-08</td>\n",
       "      <td>1.947156e-08</td>\n",
       "      <td>4.470065e-08</td>\n",
       "    </tr>\n",
       "    <tr>\n",
       "      <th>SHV</th>\n",
       "      <td>-1.176751e-08</td>\n",
       "      <td>-1.343211e-07</td>\n",
       "      <td>-3.092874e-08</td>\n",
       "      <td>-4.625297e-08</td>\n",
       "      <td>3.055151e-08</td>\n",
       "      <td>-1.809535e-08</td>\n",
       "      <td>-2.701099e-07</td>\n",
       "      <td>-6.250403e-07</td>\n",
       "      <td>-2.088622e-07</td>\n",
       "      <td>-4.204972e-07</td>\n",
       "      <td>-1.632612e-07</td>\n",
       "      <td>5.206285e-09</td>\n",
       "      <td>1.947156e-08</td>\n",
       "      <td>3.685780e-08</td>\n",
       "      <td>3.295338e-07</td>\n",
       "    </tr>\n",
       "    <tr>\n",
       "      <th>GLD</th>\n",
       "      <td>4.264659e-05</td>\n",
       "      <td>2.529364e-05</td>\n",
       "      <td>2.340923e-05</td>\n",
       "      <td>2.582782e-05</td>\n",
       "      <td>3.236858e-05</td>\n",
       "      <td>2.560553e-05</td>\n",
       "      <td>3.223809e-05</td>\n",
       "      <td>3.580860e-05</td>\n",
       "      <td>6.852893e-06</td>\n",
       "      <td>-3.198937e-06</td>\n",
       "      <td>1.304841e-05</td>\n",
       "      <td>8.550687e-06</td>\n",
       "      <td>4.470065e-08</td>\n",
       "      <td>3.295338e-07</td>\n",
       "      <td>9.564578e-05</td>\n",
       "    </tr>\n",
       "  </tbody>\n",
       "</table>\n",
       "</div>"
      ],
      "text/plain": [
       "Ticker          NVDA          AAPL          MSFT         GOOGL          AMZN  \\\n",
       "Ticker                                                                         \n",
       "NVDA    1.151956e-03  4.107172e-04  4.447873e-04  4.128316e-04  4.457806e-04   \n",
       "AAPL    4.107172e-04  3.982282e-04  2.868916e-04  2.651143e-04  2.677328e-04   \n",
       "MSFT    4.447873e-04  2.868916e-04  3.690796e-04  2.934760e-04  2.953092e-04   \n",
       "GOOGL   4.128316e-04  2.651143e-04  2.934760e-04  4.191177e-04  3.001724e-04   \n",
       "AMZN    4.457806e-04  2.677328e-04  2.953092e-04  3.001724e-04  5.132561e-04   \n",
       "META    5.139462e-04  3.178416e-04  3.367929e-04  3.711559e-04  3.902335e-04   \n",
       "AVGO    5.908159e-04  2.995470e-04  3.076483e-04  2.834389e-04  2.918570e-04   \n",
       "TSLA    6.696540e-04  4.076558e-04  3.630112e-04  3.458476e-04  4.147592e-04   \n",
       "BRK-B   1.756894e-04  1.471426e-04  1.410886e-04  1.397881e-04  1.091985e-04   \n",
       "JPM     2.260578e-04  1.678176e-04  1.658288e-04  1.689231e-04  1.234737e-04   \n",
       "UNH     1.829849e-04  1.572419e-04  1.561764e-04  1.324670e-04  9.055331e-05   \n",
       "JNJ     6.229273e-05  9.247350e-05  9.015885e-05  7.513840e-05  5.026322e-05   \n",
       "BIL     2.262879e-07 -4.223252e-08  7.921343e-09  1.516153e-08  1.371571e-08   \n",
       "SHV    -1.176751e-08 -1.343211e-07 -3.092874e-08 -4.625297e-08  3.055151e-08   \n",
       "GLD     4.264659e-05  2.529364e-05  2.340923e-05  2.582782e-05  3.236858e-05   \n",
       "\n",
       "Ticker          META          AVGO          TSLA         BRK-B           JPM  \\\n",
       "Ticker                                                                         \n",
       "NVDA    5.139462e-04  5.908159e-04  6.696540e-04  1.756894e-04  2.260578e-04   \n",
       "AAPL    3.178416e-04  2.995470e-04  4.076558e-04  1.471426e-04  1.678176e-04   \n",
       "MSFT    3.367929e-04  3.076483e-04  3.630112e-04  1.410886e-04  1.658288e-04   \n",
       "GOOGL   3.711559e-04  2.834389e-04  3.458476e-04  1.397881e-04  1.689231e-04   \n",
       "AMZN    3.902335e-04  2.918570e-04  4.147592e-04  1.091985e-04  1.234737e-04   \n",
       "META    8.000059e-04  3.464268e-04  3.966560e-04  1.446941e-04  1.753384e-04   \n",
       "AVGO    3.464268e-04  6.963875e-04  5.049493e-04  1.620849e-04  2.258969e-04   \n",
       "TSLA    3.966560e-04  5.049493e-04  1.791015e-03  1.597208e-04  2.367626e-04   \n",
       "BRK-B   1.446941e-04  1.620849e-04  1.597208e-04  1.875556e-04  2.193761e-04   \n",
       "JPM     1.753384e-04  2.258969e-04  2.367626e-04  2.193761e-04  4.198321e-04   \n",
       "UNH     1.146863e-04  1.603106e-04  1.509267e-04  1.423786e-04  1.741840e-04   \n",
       "JNJ     6.865414e-05  6.325017e-05  4.310550e-05  9.500618e-05  1.042502e-04   \n",
       "BIL     1.210783e-07  5.859247e-08 -4.572664e-07 -1.821449e-08  6.575112e-08   \n",
       "SHV    -1.809535e-08 -2.701099e-07 -6.250403e-07 -2.088622e-07 -4.204972e-07   \n",
       "GLD     2.560553e-05  3.223809e-05  3.580860e-05  6.852893e-06 -3.198937e-06   \n",
       "\n",
       "Ticker           UNH           JNJ           BIL           SHV           GLD  \n",
       "Ticker                                                                        \n",
       "NVDA    1.829849e-04  6.229273e-05  2.262879e-07 -1.176751e-08  4.264659e-05  \n",
       "AAPL    1.572419e-04  9.247350e-05 -4.223252e-08 -1.343211e-07  2.529364e-05  \n",
       "MSFT    1.561764e-04  9.015885e-05  7.921343e-09 -3.092874e-08  2.340923e-05  \n",
       "GOOGL   1.324670e-04  7.513840e-05  1.516153e-08 -4.625297e-08  2.582782e-05  \n",
       "AMZN    9.055331e-05  5.026322e-05  1.371571e-08  3.055151e-08  3.236858e-05  \n",
       "META    1.146863e-04  6.865414e-05  1.210783e-07 -1.809535e-08  2.560553e-05  \n",
       "AVGO    1.603106e-04  6.325017e-05  5.859247e-08 -2.701099e-07  3.223809e-05  \n",
       "TSLA    1.509267e-04  4.310550e-05 -4.572664e-07 -6.250403e-07  3.580860e-05  \n",
       "BRK-B   1.423786e-04  9.500618e-05 -1.821449e-08 -2.088622e-07  6.852893e-06  \n",
       "JPM     1.741840e-04  1.042502e-04  6.575112e-08 -4.204972e-07 -3.198937e-06  \n",
       "UNH     3.544283e-04  1.205925e-04  6.559425e-08 -1.632612e-07  1.304841e-05  \n",
       "JNJ     1.205925e-04  1.533258e-04  4.558488e-08  5.206285e-09  8.550687e-06  \n",
       "BIL     6.559425e-08  4.558488e-08  2.803713e-08  1.947156e-08  4.470065e-08  \n",
       "SHV    -1.632612e-07  5.206285e-09  1.947156e-08  3.685780e-08  3.295338e-07  \n",
       "GLD     1.304841e-05  8.550687e-06  4.470065e-08  3.295338e-07  9.564578e-05  "
      ]
     },
     "execution_count": 36,
     "metadata": {},
     "output_type": "execute_result"
    }
   ],
   "source": [
    "orig_cov"
   ]
  },
  {
   "cell_type": "code",
   "execution_count": 37,
   "metadata": {},
   "outputs": [],
   "source": [
    "try:\n",
    "    # L * L.T = Covariance\n",
    "    L = np.linalg.cholesky(orig_cov.values)\n",
    "    \n",
    "# If the Covariance is non-positive definite. (Because of Multicollinearity)\n",
    "except np.linalg.LinAlgError:\n",
    "    print(\"Matrix regularization applied.\")\n",
    "    orig_cov += np.eye(len(orig_cov)) * 1e-6\n",
    "    L = np.linalg.cholesky(orig_cov.values)"
   ]
  },
  {
   "cell_type": "code",
   "execution_count": 38,
   "metadata": {},
   "outputs": [],
   "source": [
    "# Monte Carlo Simulation (Percentage Basis)\n",
    "n_sims = 10000\n",
    "simulated_returns = []\n",
    "\n",
    "np.random.seed(123)\n",
    "\n",
    "for _ in range(n_sims):\n",
    "    # (1) Uncorrelated Random Shocks (Standard Normal)\n",
    "    Z = np.random.normal(0, 1, len(tickers))\n",
    "    \n",
    "    # (2) Correlated Shocks (Returns)\n",
    "    # Multiply random variable with L, embeding the Covariance structure of the returns.\n",
    "    correlated_daily_returns = L @ Z\n",
    "    \n",
    "    # (3) Portfolio Return Calculation\n",
    "    # Weighted Average (Weight * Asset Return)\n",
    "    port_ret = np.dot(weights, correlated_daily_returns)\n",
    "    simulated_returns.append(port_ret)\n",
    "\n",
    "simulated_returns = np.array(simulated_returns)"
   ]
  },
  {
   "cell_type": "code",
   "execution_count": 39,
   "metadata": {},
   "outputs": [],
   "source": [
    "# Result (Percentiles)\n",
    "var_95 = np.percentile(simulated_returns, 5)\n",
    "var_99 = np.percentile(simulated_returns, 1)"
   ]
  },
  {
   "cell_type": "code",
   "execution_count": 40,
   "metadata": {},
   "outputs": [
    {
     "name": "stdout",
     "output_type": "stream",
     "text": [
      "Monte Carlo Results (Daily %)\n",
      "95% VaR: -1.89%\n",
      "99% VaR: -2.67%\n",
      "99% CVaR (Expected Shortfall): -3.15%\n"
     ]
    }
   ],
   "source": [
    "# Expected Shortfall (CVaR)\n",
    "cvar_99 = simulated_returns[simulated_returns <= var_99].mean()\n",
    "\n",
    "print(\"Monte Carlo Results (Daily %)\")\n",
    "print(f\"95% VaR: {var_95:.2%}\")\n",
    "print(f\"99% VaR: {var_99:.2%}\")\n",
    "print(f\"99% CVaR (Expected Shortfall): {cvar_99:.2%}\")\n"
   ]
  },
  {
   "cell_type": "code",
   "execution_count": 41,
   "metadata": {},
   "outputs": [
    {
     "data": {
